581663780121128960
581775375690305536
581520652424732672
582072220261974016
582072219355914240
582072218596687872
582072210384404480
582072203325411328
582072197688115200
582072196895416320
582072195263778816
582072190096429056
582072189031190528
582072187567243264
582072180936146944
582072168554577920
582072167757713408
582072165094309888
582072157666164736
582072157238386688
582072152729370624
582072150821113856
582072146811314176
582072146374971393
582072140431814656
582072136510152704
582072135448936448
582072134979186688
582072121628737537
582072116796882944
582072106520727552
582072101747589120
582072099159683073
582072098312474624
582072095590494208
582072089928179712
582072082269384704
582072082042867712
582072064330358784
582072057283764224
582072052368039936
582072041853054976
582072041244872704
582072038447312896
582072034835869696
582072028657778689
582072027860873216
582071996525125633
582071996005122048
582071993958154240
582071980389744640
582071976648445952
582071971216814080
582071968490459136
582071951033655296
582071940074102784
582071928367661056
582071915474526208
582071913507266561
582071912278462466
582071910999199744
582071903566741505
582071887284473856
582071868867235840
582071854380138496
582071852853436416
582071850999549952
582071840073494529
582071830502096896
582071829260570625
582071826215346176
582071824932044800
582071822268542976
582071820360142848
582071811992604672
582071804539330560
582071802538504192
582071800680480768
582071795827658752
582071793478975488
582071793369763840
582071791016812545
582071790425513984
582071785182662656
582071785170042881
582071785094557698
582071781374050304
582071775736938496
582071775128739840
582071775065976832
582071774151507968
582071771681071104
582071771119030273
582071769822982145
582071769709682688
582071769546141696
582071768992509952
582071764085121025
582071762067673088
582071760968777728
581520614864883713
581520612486705153
581520611459092480
581520609261289473
581520609076781056
581520606795022337
581520604609794048
581520601724108800
581520600641863680
581520596477091840
581520594061131776
581520590663737345
581520587777974272
581520587652116480
581520585747992576
581520582702952448
581520578496040960
581520577632034816
581520577602674688
581520574867968001
581520573957861377
581520573844615168
581520573085429760
581520572586160128
581520569310572544
581520564310777856
581520563593617408
581520562951839744
581520562305966081
581520562255740930
581520558946443265
581520556186570752
581520553590177792
581520552369659904
581520551920996352
581520548309676032
581520545985921025
581520541774966784
581520534271352832
581520532719288320
581520531842867200
581520528189591552
581520527774240768
581520525744312320
581520525052239872
581520523466772480
581520521965211649
581520521348677632
581520512028962816
581520511106211841
581520508103069696
581520505452290048
581520495981568000
581520493485953024
581520489513881601
581520484044566528
581520482769477632
581520475643207680
581520473537777665
581520468420743168
581520467225419776
581520467196035072
581520464792682496
581520463332974593
581520460480954368
581520459059097601
581520455124684800
581520454382436352
581520452318789632
581520451962318848
581520447503728640
581520446274797569
581520445884743680
581520445721174016
581520444961861632
581520443305230336
581520443145895936
581520441132638208
581520435663241216
581520435461885952
581520426720837632
581520423201959936
581520421402615808
581520418340782080
581520417770332160
581520416281268225
581520415748587521
581520414666559488
581520413051756544
581520412544241664
581520410963001345
581520409994113024
581520409843105792
581520406915489792
581520406714122240
581520405866795008
581520405057396736
581520404126257152
581520402528141313
581520400749883393
581520361877012481
581520361763790848
581520359922483201
581520359217823744
581520358764756992
581520355912781824
581520355765841920
581520355627556864
581520355312959489
581520350900580353
581520350887952384
581520346915971072
581520346567860225
581520346295095296
581520345435377665
581520344437166080
581520344068046848
581520344005025792
581520343816413184
581520340469313538
581520339236044800
581520338363744256
581520335100510209
581520334618259456
581520334274355200
581520334207213568
581520333938802688
581520333489885184
581520332252643328
581520329060847616
581520325671841792
581520325164306432
581520325055111169
581520324019298304
581520323524239360
581520318327554048
581520314904944640
581520314493980673
581520310404546560
581520309750124544
581520305052499969
581520302838059008
581520301734887424
581520301546033152
581520301432971265
581520299960696832
581520298635366400
581520297666486272
581520296982761472
581520296886304769
581520292109000704
581520289852473345
581520287260413952
581520287247765504
581520285452644353
581520284731211776
581520284475396096
581520283644882944
581520281660964864
581520281447112704
581520275902169089
581520275881271297
581520274421653504
581520272932630528
581520272425107457
581520272303517696
581520272274137088
581520270760009728
581520270583808000
581520269568786432
581520266234335232
581520266213249025
581520265122869248
581520265005412353
581520263898095616
581520262975361024
581520262618882048
581520261809369089
581520261662507008
581520260584574976
581520256159600641
581520255803121664
581520254779547648
581520254297358337
581520253852729344
581520252120502272
581520250723778560
581520247951347713
581520246701428736
581520246248353795
581520246009425921
581520245501923328
581520243513794560
581520243031408640
581520240993038336
581520240934297600
581520237717274624
581520237398532096
581520236060504066
581520234223403008
581520194453004288
581520192951476224
581520192032940033
581520188857815040
581520188547448832
581520183229059073
581520183174516736
581520182927073280
581520181207437312
581520179332583424
581520177881300992
581520177742913537
581520177612894209
581520176627204096
581520171631800320
581520170973265921
581520169773719553
581520168485986304
581520166799966208
581520166409891841
581520165688446976
581520163020902400
581520161938751489
581520159967461376
581520157358555136
581520154829459456
581520151557869568
581520150677102592
581520150609969152
581520149108363264
581520147627839488
581520147367792640
581520145186721793
581520142997327872
581520141978046464
581520141369942016
581520141315403776
581520137897058304
581520136802185216
581520136034783232
581520133232963584
581520131945299968
581520131915907073
581520130871574530
581520128069648384
581520127616790529
581520127243489280
581520126303965184
581520121702821888
581520118028591105
581520109979721728
581520109237211136
581520108767436800
581520108050317314
581520107207323648
581520106171269120
581520105357635584
581520096746729472
581520096578920448
581520095844925440
581520095270174720
581520090811785216
581520090778247168
581520086671970304
581520083983458304
581520080216948736
581520080061767680
581520078178545664
581520074898599936
581520073803870208
581520070955917312
581520069987037184
581520069278216192
581520067264954369
581520064752545793
581520062647001088
581520062391197697
581520057588662273
581520056896634881
581520056200245248
581520055109832704
581520053859807232
581520051448201216
581520051032977409
581520045702008832
581520044435308544
581520036369575936
581520035631480832
581520033710530561
581520033588854784
581520030136954880
581520027121291264
581520025330282496
581520025321795585
581520024596275200
581520019374379009
581520016828456960
581520015989579776
581520015251361792
581520014873739264
581519975866875904
581519971265675264
581519970561056768
581519967922855936
581519964944904192
581519964584206337
581519964173025280
581519962268934144
581519958527635456
581519956967198723
581519954563977216
581519953825828864
581519953527844865
581519952240316416
581519951934148609
581519951380537344
581519951128866817
581519949685997568
581519946984882176
581519943755112448
581519938222841856
581519936029356034
581519933038788609
581519932715831296
581519932527140865
581519932493598720
581519930505449472
581519927196065792
581519923261890561
581519921059856384
581519920787271680
581519920212647936
581519920124555264
581519918996295680
581519915414396928
581519914139291648
581519913203953664
581519908699287553
581519901069873152
581519896586166272
581519893972963328
581519893360693248
581519892744130562
581519892018401280
581519890915422208
581519889082531840
581519888424005633
581519886935056384
581519886427561984
581519883231444992
581519882627497985
581519881935446018
581519878869377026
581519878718390272
581519875849453568
581519870052950016
581519865548316672
581519860733222912
581519859151986689
581519858187259904
581519857927135232
581519856362774528
581519855234473984
581519852927463424
581519851430264832
581519851375738881
581519850419437568
581519850239053824
581519849815465984
581519848905179136
581519848859156480
581519848846553088
581519845725982720
581519844085932032
581519844039872512
581519841154109441
581519839925272576
581519836452261888
581519834279743488
581519833772232706
581519824184053761
581519823504420864
581519821642313728
581519820467888129
581519820035743744
581519817020039168
581519815959044097
581519815883563008
581519810665844737
581519810426601472
581519807180324864
581519805511036929
581519803774607360
581519802331734016
581519797122371585
581519793376878592
581519793196544000
581519792617730048
581519792605118464
581519790788968448
581519751450591232
581519750745849856
581519748225216512
581519748208455681
581519745171767296
581519741379948544
581519740457353216
581519739144564737
581519738594947072
581519736510517249
581519731749822464
581519724640604160
581519720618319873
581519719527772160
581519718756065280
581519717640323072
581519716591767552
581519715387965440
581519714872090624
581519710707171328
581519707737583618
581519707158798336
581519706051502080
581519704470077440
581519704050700288
581519693472731137
581519691262349312
581519690960379904
581519690498969600
581519688720617472
581519687269412864
581519685365153793
581519682219446273
581519678809489408
581519678096482305
581519674254446592
581519673700818945
581519673046482944
581519671687540736
581519671339425792
581519668999012352
581519668210458624
581519664427188224
581519661809950721
581519658659909632
581519651286360065
581519648652398592
581519644701364224
581519642277081088
581519641081749506
581519638388862977
581519638170890240
581519637986324482
581519636149075968
581519633603260416
581519630893735936
581519629799067648
581519628125470720
581519626326003712
581519626321977345
581519625978015744
581519625357291520
581519624799432705
581519623436124160
581519622798704640
581519622261714944
581519621351604224
581519620886126592
581519620676288512
581519620042936320
581519616549216256
581519616201080832
581519612128329730
581519611629293568
581519611532820481
581519611432075264
581519610538672128
581519610442330112
581519609926291456
581519609846636545
581519609120997376
581519604914208768
581519604314476544
581519603869855744
581519601642704896
581519595707715584
581519595380568064
581519593887268864
581519588090839041
581519586346029056
581519585918083072
581519585033240577
581519580037820416
581519579626774528
581519576715784192
581519574014648320
581519573586952192
581519572819267585
581519572244635648
581519571074588673
581519532310806528
581519527902609409
581519524756897792
581519521292259328
581519517966295040
581519515491667968
581519515038683136
581519511184142337
581519508327821312
581519507228876800
581519505702158336
581519504481497088
581519503579828224
581519502120235008
581519499989557249
581519498861256704
581519496600510464
581519495543549952
581519492355923969
581519492100026368
581519489856090112
581519489684115456
581519488652296192
581519488492912640
581519487846854656
581519487591170048
581519486328696832
581519485775032320
581519483661094913
581519482113404928
581519480108388352
581519478623735808
581519476958617600
581519475838750720
581519475784097792
581519473833848832
581519469949927424
581519468129624064
581519464694337536
581519464606240768
581519463566151680
581519463348105217
581519461800267776
581519461536141312
581519460864946176
581519459296374784
581519457572515842
581519457538822145
581519454426660864
581519450987479040
581519449561399296
581519448697384961
581519447644569600
581519442502356992
581519441369833472
581519440744984577
581519440682041345
581519438660370432
581519438538772481
581519436307267584
581519435447574530
581519433694343169
581519433262305280
581519426937364482
581519422818545664
581519419882541057
581519414950002689
581519412441804800
581519412064309248
581519411217059840
581519410046885888
581519407328956417
581519404460040194
581519402983665664
581519396734156800
581519396436357120
581519394746068992
581519393911398401
581519390681608192
581519379130687489
581519377062744064
581519376869924864
581519373078233088
581519372885311488
581519372096647168
581519371748708353
581519371538853888
581519369248903168
581519365964697600
581519363737419776
581519363150372864
581519359060803586
581519356498190336
581519355755794432
581519353889296384
581519353616703488
581519353180495872
581519352375152640
581519352274489344
581519347912441856
581519317877026816
581519316610338817
581519313825361920
581519313045184512
581519310377582592
581519307861024769
581519306653040641
581519303603851264
581519299363397632
581519296544645120
581519296460881920
581519295630446592
581519292560211968
581519290773426176
581519290446184448
581519288474976256
581519287166361600
581519286205825024
581519283878039552
581519282846240768
581519277754327040
581519275598417920
581519269286031360
581519269013381121
581519268765917185
581519266438053888
581519262331760640
581519258724749312
581519256019447808
581519255675351040
581519255428050945
581519255151202304
581519254589063168
581519253536391169
581519252806565888
581519251367940096
581519249589608448
581519249350475777
581519249304342528
581519249069371392
581519246150238208
581519246108262400
581519245332365313
581519243423821825
581519241758826497
581519237975543808
581519237929431040
581519233588285441
581519232506015744
581519230312538112
581519227242311680
581519221227548672
581519221059952641
581519220925599744
581519218102894593
581519216894877696
581519216119033856
581519215070429184
581519214382620673
581519213954662401
581519213732327424
581519212314796032
581519212096720896
581519207826911232
581519207139000321
581519202877620224
581519202814705664
581519199627001856
581519195155742720
581519194740641793
581519192261844992
581519191896952833
581519191783694336
581519191280320512
581519190844149760
581519190151946240
581519188654628864
581519187706834944
581519187287244800
581519184867278848
581519184737247233
581519183105658883
581519183055360001
581519180064772096
581519178793893888
581519178026356737
581519176638066689
581519175467737088
581519174993752064
581519170518560769
581519168874233856
581519167335043072
581519166643023872
581519160036954112
581519158627721216
581519156576698369
581519156119392256
581519154794086400
581519153372258306
581519153049255937
581519115728326657
581519110254669824
581519110233817088
581519109650845696
581519109063479296
581519106798555136
581519104944766976
581519102960865280
581519102784614400
581519102247874562
581519101346074624
581519100993781760
581519100373024768
581519100314329089
581519099609681920
581519099534008320
581519099274137601
581519097650946048
581519096728182784
581519096598003712
581519096212283393
581519095926915072
581519095759302656
581519092995252225
581519092776984576
581519091279605760
581519090428301312
581519090256236544
581519089631379456
581519087102242817
581519085894299648
581519084262699008
581519081783844865
581519080995192833
581519080139546624
581519078608801792
581519076444491776
581519074913579008
581519074724823041
581519073894338560
581519069247070209
581519068559056897
581519067057664001
581519065161863168
581519060929773568
581519059742695424
581519059449167873
581519056513028096
581519045935009792
581519043133329408
581519038297296896
581519036753817601
581519035373846528
581519025215275008
581519024955211776
581519024196100099
581519022602235904
581519020865667072
581519018793779200
581519016491106304
581519014385586177
581519012347146240
581519010015088640
581519009453047809
581519008761057280
581519008060612608
581519006135353344
581519005845991424
581519004638060545
581519003824185344
581519002935115776
581519002196918272
581519000498237440
581518998187188224
581518996958240768
581518995322470400
581518994106109952
581518992554221569
581518991996375040
581518986820616192
581518985960824832
581518980457840640
581518976494211072
581518976318107648
581518976062267393
581518973503705088
581518969967919104
581518968696938497
581518965312086016
581518963609305088
581518961755467776
581518960610422784
581518960589438976
581518957926096896
581518957460480000
581518955501715457
581518955157704704
581518953484324865
581518953194782720
581518951974375424
581518914259124224
581518913525153793
581518912820482048
581518911558029317
581518911306383360
581518909968420864
581518909519593472
581518906289979392
581518905618894848
581518904616468480
581518901202305024
581518899126132736
581518897184182272
581518896622092288
581518895917453312
581518894629781504
581518893786726400
581518893124030465
581518892612345856
581518891488276481
581518891110760449
581518889475014657
581518889382748160
581518888652783616
581518887877013504
581518885343649792
581518884920029185
581518884685135873
581518881845563392
581518879157039105
581518877772922880
581518877764505601
581518876690763776
581518875554131968
581518874949996544
581518873331105792
581518873251414016
581518872697839617
581518872492134400
581518868683837440
581518868469932033
581518863713509376
581518863658930176
581518861025075200
581518860010000384
581518858768486402
581518858089062400
581518857254395904
581518855538872320
581518855085899776
581518852355334144
581518851495600129
581518850442809344
581518849889034240
581518849222307840
581518848714809345
581518847691370496
581518847364169728
581518841894817792
581518841487994881
581518839453753344
581518837843017728
581518837142712320
581518836991696896
581518836605829120
581518835276214272
581518834982588416
581518834919690240
581518834865143808
581518833749520384
581518832747094017
581518831711059969
581518831450984448
581518828871499777
581518828292591616
581518826514358272
581518826048737280
581518825415393280
581518822974324736
581518819992211456
581518819807637505
581518815453925376
581518814795399168
581518814376030208
581518812975140865
581518807006461952
581518804510986240
581518803848339456
581518802044731392
581518801449172992
581518800929067008
581518799549153281
581518798127251456
581518796344705024
581518795531005953
581518794473902080
581518793102475264
581518791840018432
581518791605116928
581518790485282816
